500
14
25
26
74
67
92
98
67
86
59
72
63
86
2
59
27
4
38
44
99
17
87
29
42
93
57
48
13
22
2
59
24
92
47
18
87
20
52
80
90
19
13
29
60
32
59
55
69
48
34
27
39
61
35
15
9
69
97
98
93
60
12
99
72
17
59
86
31
93
94
47
96
56
98
89
41
44
84
2
60
43
75
99
68
92
34
94
59
25
69
34
77
48
90
99
32
3
3
91
88
25
99
49
64
53
6
39
33
25
49
77
31
39
53
72
15
43
38
27
76
74
63
77
52
9
0
63
28
80
93
61
34
80
97
52
11
11
93
41
57
12
42
4
95
7
64
89
3
77
53
27
47
71
33
87
3
23
55
11
89
52
67
24
2
51
34
13
32
41
79
85
21
99
67
67
63
56
32
35
8
50
29
55
5
52
1
92
65
34
81
83
83
1
3
84
15
25
36
8
28
36
20
4
24
12
9
65
28
8
49
26
36
15
4
98
17
62
21
59
35
47
91
74
53
57
7
8
54
86
49
28
39
63
32
30
27
3
70
19
54
30
3
54
9
19
96
95
64
60
76
22
0
61
10
29
52
59
53
38
59
79
63
91
12
34
4
67
9
50
67
38
76
2
18
75
11
70
71
1
97
14
85
19
70
72
12
85
3
60
12
84
89
75
88
63
72
9
18
55
43
31
33
12
74
13
15
17
51
5
80
29
9
4
66
27
10
1
23
23
71
19
20
91
33
74
15
65
46
57
55
69
24
82
50
21
34
66
12
79
93
87
19
75
0
23
34
54
14
67
13
22
63
12
81
42
30
4
80
37
7
25
0
90
73
33
48
99
13
73
31
94
92
8
36
91
9
42
37
15
98
46
8
5
92
92
31
91
85
58
75
7
62
41
99
66
2
46
74
0
14
59
22
34
60
92
59
45
85
74
87
64
65
83
75
51
78
53
2
60
54
19
0
86
0
74
98
17
78
41
56
62
10
27
35
7
34
52
36
28
51
46
32
51
48
41
1
61
48
73
30
6
84
0
11
43
77
39
43
98
58
32
5
43
16
89
20
20
42
99
59
17
0
30
16
1
67
20
56
19
39
4
79
93
83
76
8
99
60
96
80
67
93
65
47
55
54
74
59
91
0
